72 56 83 21 60 39 89 09 37 27 45 40 15 88 94 24 70 19 57 65 96 41 86 92 41 79 78 33 04 96 73 28 53 56 50 65 47 91 27 37 18 72 77 34 13 23 58 83 42 67 00 90 08 38 83 01 17 13 86 74 09 59 02 14 68 04 80 15 96 59 52 14 31 30 00 96 05 10 32 48 78 32 90 38 23 73 92 40 38 78 66 48 90 21 62 58 77 94 73 73 
53 26 40 37 08 92 33 13 03 65 13 33 50 04 23 73 29 67 65 68 46 84 16 36 05 30 94 82 77 19 08 82 45 00 19 05 92 05 71 47 22 84 80 72 40 56 97 70 23 63 38 69 47 06 57 04 88 03 38 65 75 46 00 72 98 19 78 91 76 49 38 99 85 71 71 26 27 69 96 50 84 86 72 83 44 81 87 32 37 25 50 12 24 50 84 22 21 62 65 98 
63 04 97 49 75 20 75 54 41 23 56 25 61 80 08 05 62 47 89 51 25 39 15 01 41 99 23 63 14 89 61 29 45 10 78 72 30 05 78 24 80 34 49 41 15 10 46 29 09 36 32 34 27 47 35 69 46 11 32 12 52 45 42 97 55 72 21 37 78 99 61 58 33 63 00 00 25 98 81 86 34 13 21 14 60 08 83 59 19 67 23 23 12 65 20 19 38 41 56 68 
92 70 26 26 85 78 78 62 77 60 48 63 25 21 77 38 30 12 97 01 79 20 25 91 38 97 62 28 39 71 96 83 41 74 09 78 53 40 40 82 00 40 45 77 62 75 15 92 87 64 45 19 37 70 62 75 68 25 03 59 96 99 42 89 73 04 67 78 44 59 60 96 51 58 73 13 33 41 57 72 05 03 43 42 73 06 69 93 31 72 52 27 23 47 16 49 51 35 27 47 
46 40 43 97 98 68 11 83 09 20 07 67 23 51 61 49 57 31 42 88 03 47 67 79 94 35 80 97 70 59 44 16 99 39 65 49 07 28 32 69 49 92 88 24 95 49 73 52 80 68 92 36 67 11 67 61 46 47 10 16 06 54 84 58 93 01 07 52 30 92 73 79 84 61 03 79 63 29 83 43 97 27 31 64 38 98 77 84 97 87 52 04 93 88 62 86 89 69 90 71 
13 16 50 49 29 06 28 92 35 63 88 84 90 19 00 80 70 77 64 67 16 68 23 09 08 85 47 50 07 37 21 20 53 72 70 35 30 50 27 65 66 15 01 56 87 01 89 09 78 05 76 94 74 00 55 34 37 02 84 44 91 06 17 97 30 39 32 60 41 11 77 07 27 78 16 66 79 05 27 09 10 55 55 36 55 10 71 45 64 55 41 55 61 10 04 91 49 36 03 91 
48 32 50 27 10 66 45 41 71 72 02 34 27 09 70 35 71 41 32 35 97 73 43 10 84 47 54 85 36 09 28 36 42 79 15 04 45 60 98 69 84 00 55 63 10 25 50 81 19 82 69 68 08 12 78 92 11 84 29 99 94 58 87 36 37 02 40 34 14 90 55 50 91 10 14 53 88 64 34 07 99 03 75 07 67 05 51 31 90 80 82 84 90 70 72 79 72 64 66 39 
55 21 89 98 84 55 51 72 72 85 31 71 41 58 30 60 63 81 91 53 13 74 89 04 44 13 83 68 30 01 07 85 23 49 35 59 04 86 83 76 71 14 99 64 72 29 25 87 62 68 93 28 94 34 32 90 48 67 59 30 69 18 15 44 19 50 55 76 88 38 04 11 04 04 76 76 85 53 15 00 21 08 28 68 43 12 58 43 31 69 73 52 40 40 48 59 42 03 87 30 
41 92 41 45 48 69 73 85 22 89 85 96 49 65 64 92 77 74 87 61 44 60 13 84 52 62 95 94 65 83 76 59 27 18 04 75 87 30 60 62 19 98 10 68 63 74 13 93 48 00 54 44 13 19 28 65 81 76 12 99 11 88 58 38 58 14 13 98 44 73 60 15 23 70 36 87 96 49 80 96 01 86 41 66 05 21 32 39 97 96 38 08 84 48 98 43 14 11 41 59 
37 53 74 60 75 10 99 71 11 31 19 13 17 60 31 75 82 15 14 31 11 04 40 96 04 90 91 18 02 84 77 91 89 04 03 64 14 03 87 78 34 06 43 52 67 74 27 01 90 93 32 01 97 24 49 01 15 92 19 17 76 49 60 17 53 63 81 19 66 20 97 53 27 92 57 46 67 84 47 09 29 79 62 78 04 64 79 19 56 50 88 85 51 48 02 56 11 36 76 30 
56 25 83 83 18 92 29 37 76 76 98 57 08 60 35 12 24 66 31 33 16 19 18 20 19 72 76 30 08 52 12 17 30 47 00 00 39 82 89 67 10 87 24 18 47 59 82 24 25 13 57 94 84 27 14 03 99 42 86 60 47 98 77 77 98 29 29 37 63 18 57 74 57 81 44 56 93 27 80 70 92 37 16 77 16 82 80 16 25 66 28 72 17 05 01 15 86 82 04 50 
00 61 76 09 43 20 65 88 99 46 58 92 35 75 21 52 57 01 20 34 20 48 06 89 05 59 56 43 41 60 93 93 22 21 02 17 94 68 57 93 66 15 37 53 42 58 05 52 12 77 86 84 25 45 73 82 04 29 26 46 41 71 39 63 45 94 32 39 14 41 84 80 09 22 33 51 32 91 55 44 68 42 80 46 87 53 80 43 34 58 89 76 82 81 91 27 27 76 66 41 
17 50 73 26 24 06 30 57 49 85 53 70 27 34 68 66 39 48 10 74 07 51 02 89 32 93 16 11 69 34 52 39 36 25 65 61 84 95 70 85 81 75 55 60 09 23 27 01 24 89 27 83 40 29 72 25 22 40 36 44 26 41 83 62 66 00 23 02 48 45 88 81 21 95 41 82 19 20 83 95 09 10 78 02 91 50 27 14 42 15 10 68 56 45 30 75 97 06 29 45 
03 69 26 24 65 20 07 36 40 42 31 02 05 09 56 96 11 35 62 53 50 24 73 59 21 55 86 19 13 67 16 17 37 95 41 02 15 00 90 07 95 21 61 52 30 17 00 93 52 15 46 03 39 71 14 13 78 52 32 92 19 00 61 56 95 02 10 10 55 00 70 02 21 31 06 03 49 06 96 01 21 94 56 13 17 22 26 96 74 10 40 46 10 01 02 06 55 65 68 62 
65 38 64 39 22 70 94 23 29 91 76 50 37 85 63 55 07 41 03 34 51 43 80 62 44 34 20 51 99 40 14 17 31 78 56 53 01 50 76 30 93 52 32 83 37 96 90 97 89 93 31 41 88 63 55 84 97 27 35 49 67 49 66 98 80 74 51 81 76 79 63 22 84 95 05 73 43 47 70 33 92 53 26 80 68 33 16 18 12 03 67 79 53 85 30 85 59 81 18 35 
13 81 09 49 76 14 22 72 61 45 57 53 98 83 85 67 68 01 37 80 05 04 11 10 89 41 95 00 75 65 87 88 46 97 37 74 11 11 46 25 56 55 30 07 38 16 26 58 69 63 90 26 67 02 88 08 43 35 08 18 00 47 06 46 44 95 73 08 07 71 33 15 27 15 22 17 83 48 76 53 11 66 31 30 68 20 38 64 55 98 82 56 46 41 54 90 36 79 50 95 
51 83 63 78 51 85 47 34 34 23 39 97 42 71 28 62 43 66 78 98 17 61 06 63 02 13 05 90 92 56 38 95 91 01 73 42 86 73 77 72 48 16 70 90 87 50 05 82 68 83 81 85 96 39 48 98 04 06 41 49 62 79 44 53 32 70 96 70 43 25 43 91 41 65 34 81 67 91 63 35 26 96 21 23 88 21 73 44 27 14 93 41 45 38 95 77 08 43 48 03 
68 43 94 61 60 80 94 79 71 10 14 98 06 87 21 46 61 94 91 40 61 36 82 06 74 29 36 34 72 36 37 92 31 84 05 43 64 00 22 88 10 36 86 68 76 59 67 37 05 58 77 66 94 11 25 21 40 13 55 64 49 45 08 32 81 14 75 97 14 97 85 76 85 23 44 61 82 11 98 40 21 28 58 68 39 83 41 32 48 96 48 97 93 57 29 74 23 56 24 89 
53 09 65 39 33 61 00 67 25 51 07 98 79 66 18 70 01 59 54 02 08 55 99 01 12 81 28 87 37 52 76 43 13 93 82 46 06 34 14 31 85 73 82 16 91 00 39 45 60 93 47 68 00 98 21 64 79 49 51 69 53 79 64 67 72 46 65 79 80 31 62 18 05 44 34 96 45 25 41 05 71 88 25 71 87 46 36 18 48 87 39 01 19 03 20 91 01 86 22 34 
17 85 52 22 81 38 71 26 16 64 83 87 05 60 58 44 07 46 62 55 86 54 56 05 09 77 96 11 15 71 45 32 56 49 07 89 39 78 68 55 94 51 94 99 64 05 43 71 51 58 78 89 12 34 94 21 63 43 32 30 14 29 63 22 30 70 11 22 00 79 29 94 83 24 46 47 81 89 70 32 47 48 22 59 34 68 33 50 11 17 80 25 47 95 99 29 17 11 51 17 
90 81 64 25 57 10 72 38 51 42 22 99 90 96 10 77 65 43 27 28 13 07 06 12 03 05 41 20 68 93 90 59 26 54 36 35 16 61 73 19 03 47 18 46 44 81 23 61 76 02 89 89 09 47 01 64 53 95 85 21 40 75 32 66 81 69 01 49 30 26 68 85 73 39 83 69 20 58 30 48 60 72 38 22 19 91 86 24 86 71 46 26 98 30 44 31 99 97 32 81 
23 53 19 49 44 02 70 64 61 53 64 73 25 54 95 96 46 82 21 84 05 19 63 56 49 07 87 01 05 72 82 80 25 01 81 69 56 52 85 17 05 01 90 82 56 38 78 54 20 51 38 25 70 01 81 20 61 21 21 18 45 55 50 22 09 32 43 65 36 80 34 93 81 76 75 89 14 05 43 34 57 34 12 27 87 45 99 48 66 72 18 11 80 69 85 89 53 28 06 89 
08 40 82 42 16 09 31 31 14 75 17 23 09 29 51 48 75 02 97 93 27 15 57 07 36 42 48 89 23 54 30 31 46 12 73 62 73 05 45 88 32 63 11 93 44 14 41 71 69 90 65 96 58 22 55 94 16 55 84 39 09 66 23 55 79 96 69 04 53 15 44 37 30 56 30 26 22 72 98 43 62 63 39 20 37 46 67 05 01 03 45 62 69 68 69 00 16 39 05 22 
06 49 59 88 57 42 14 80 66 12 23 80 27 15 53 16 13 20 22 15 23 19 29 92 39 99 45 07 90 50 29 48 99 41 36 09 35 02 41 01 67 64 81 94 31 86 63 97 06 85 12 81 56 93 26 95 92 71 02 34 21 84 82 72 77 70 81 12 73 22 65 92 39 98 38 22 85 01 19 43 38 83 25 94 77 51 89 21 74 44 08 95 80 90 19 57 13 53 21 86 
27 38 78 18 36 16 41 73 70 12 17 08 96 94 03 25 97 44 98 71 40 06 18 20 97 37 29 62 42 50 48 70 40 78 88 29 46 81 02 68 94 71 77 42 65 32 67 62 28 65 85 69 24 03 41 21 93 71 35 35 73 83 57 14 13 98 95 11 31 97 80 25 21 09 19 86 93 86 01 21 04 86 42 28 42 36 01 35 07 36 22 32 71 32 46 36 30 41 99 61 
91 31 39 12 40 58 50 33 97 03 07 53 42 01 81 84 37 34 71 96 22 45 29 93 77 27 81 07 21 80 21 12 12 12 76 04 70 78 90 19 82 97 72 76 50 05 12 88 39 83 36 61 28 65 06 58 93 87 65 14 20 38 78 32 50 06 36 73 84 26 92 18 75 65 94 78 70 58 18 62 41 54 75 22 20 82 80 13 21 97 79 41 88 57 25 38 63 14 63 99 
40 56 18 68 21 64 46 43 23 64 05 16 18 81 90 90 15 22 03 36 72 34 30 60 43 07 50 06 21 14 58 14 22 76 82 95 92 80 38 67 44 96 36 14 29 26 05 96 01 60 84 25 95 14 85 38 22 87 97 43 53 55 57 27 83 91 22 27 71 61 47 67 09 83 34 90 61 39 86 62 51 70 87 98 85 24 37 59 64 86 54 69 93 64 97 28 07 19 07 79 
32 54 98 93 37 32 83 51 23 69 65 75 40 05 73 77 29 62 36 45 00 42 67 93 06 64 73 14 35 81 45 20 35 43 13 25 28 97 76 51 66 41 26 06 46 52 35 28 14 71 25 15 66 44 60 24 08 34 90 96 67 35 16 02 31 29 79 11 78 07 62 45 01 41 03 99 93 39 79 59 62 05 26 80 49 87 05 10 73 95 58 40 83 74 94 66 55 26 77 86 
33 91 31 34 32 86 34 77 77 65 37 92 22 63 72 24 02 29 34 75 77 44 67 60 18 14 78 25 40 07 11 25 98 94 60 83 33 46 60 10 11 49 54 86 65 27 10 19 56 96 47 33 40 14 45 10 80 75 35 20 82 99 46 81 45 58 16 78 56 28 41 19 30 95 05 95 22 15 66 31 11 13 16 03 80 14 13 60 89 01 33 72 00 31 05 45 89 73 76 97 
01 17 16 31 12 22 78 87 89 45 18 01 10 86 56 90 00 70 03 90 71 88 14 23 19 71 20 60 44 96 57 97 13 73 29 78 47 59 65 37 56 35 90 67 21 46 09 22 16 64 64 39 52 30 62 71 01 83 31 97 31 40 94 97 14 75 75 61 35 92 98 91 27 40 10 48 87 20 22 03 36 86 43 89 68 57 12 69 92 96 18 24 36 13 21 50 88 48 64 75 
40 14 67 19 55 29 67 42 01 42 97 38 80 40 27 49 50 39 70 42 35 89 66 72 02 39 74 42 87 38 18 79 53 37 98 08 66 18 50 68 60 99 58 40 40 85 41 42 76 12 84 12 01 51 36 03 42 62 97 82 01 15 13 06 52 12 66 71 82 68 91 94 67 49 86 59 86 28 01 62 40 86 26 41 89 14 96 31 77 45 65 30 61 79 36 65 43 02 88 25 
22 79 71 89 80 57 49 66 85 02 81 77 88 07 70 29 22 18 13 51 64 78 81 25 57 69 42 00 23 31 77 45 62 48 34 43 58 35 61 95 38 42 73 78 02 43 08 76 62 21 27 78 51 08 03 09 29 97 61 52 28 91 97 43 91 83 38 49 71 51 45 09 94 70 39 48 65 47 24 79 20 51 57 72 11 12 33 40 10 46 44 90 37 93 33 29 76 23 30 99 
75 27 60 21 97 00 69 15 99 93 94 72 96 04 96 59 16 29 51 26 27 95 69 65 88 54 46 16 78 76 16 05 56 76 26 53 28 95 20 28 40 15 00 36 71 96 47 87 77 98 66 04 45 35 21 33 41 19 01 19 48 69 76 04 98 02 09 26 97 30 06 89 97 06 77 68 54 24 55 31 22 73 88 67 60 09 52 02 29 06 73 29 75 50 33 73 52 42 52 02 
24 58 91 21 65 69 89 19 45 97 03 68 70 91 87 83 52 92 85 33 98 10 62 73 60 95 99 65 90 51 19 14 61 62 88 78 83 29 50 29 26 53 49 49 44 36 32 48 28 69 82 78 79 44 52 40 92 03 57 34 06 76 00 67 90 88 46 74 18 96 03 96 01 04 45 97 40 77 45 21 98 27 51 78 72 03 70 16 58 27 50 16 55 50 84 45 39 82 19 09 
30 74 05 83 78 51 80 71 80 25 44 79 05 95 57 77 51 79 93 61 06 95 78 13 45 62 58 84 96 30 93 78 56 51 61 35 02 41 58 34 18 54 65 23 49 74 52 52 53 97 14 11 92 92 24 38 06 35 74 54 65 20 32 21 71 93 08 25 86 18 59 04 72 77 80 74 51 32 26 05 30 40 68 74 84 93 12 90 28 87 44 45 59 76 66 30 21 27 55 59 
45 66 16 70 43 96 44 47 80 70 04 10 63 72 85 47 17 49 38 45 88 82 42 47 11 61 77 84 88 84 44 85 03 60 55 98 08 51 45 88 22 01 51 85 74 88 32 91 37 22 89 26 57 31 25 68 92 55 04 32 39 48 70 94 60 25 93 68 77 38 57 51 40 60 88 66 48 72 09 85 95 50 63 52 82 89 72 26 96 76 11 35 77 81 30 89 58 75 58 87 
13 67 90 05 27 78 23 75 51 33 12 98 83 28 50 17 69 74 96 65 02 07 52 31 40 82 21 50 09 31 38 23 98 80 80 77 59 04 04 62 89 68 60 72 96 10 42 65 36 38 30 38 97 35 70 37 69 91 87 79 74 77 54 24 58 34 01 69 90 57 31 79 25 91 04 74 53 46 91 89 84 74 79 81 09 01 70 78 44 09 57 18 39 11 42 49 98 95 18 88 
52 01 20 30 92 24 56 97 70 47 38 06 21 69 39 30 71 09 61 15 70 18 34 09 82 28 10 80 24 28 20 28 29 92 10 73 16 66 70 38 66 60 44 87 30 35 70 01 96 31 68 67 01 54 28 35 83 39 67 59 19 88 39 49 32 50 74 49 68 97 39 34 57 36 22 39 71 44 92 68 27 61 87 80 15 15 16 50 06 83 61 26 23 01 27 56 03 01 57 71 
98 96 58 08 32 32 47 56 76 40 24 03 53 63 83 20 78 51 23 37 35 84 63 10 37 90 18 40 43 75 64 42 24 22 02 08 54 01 64 82 41 40 85 46 03 20 67 34 24 90 71 11 26 34 21 64 76 92 56 19 67 20 13 91 42 67 52 48 69 16 30 62 57 67 09 12 40 76 46 64 18 69 75 44 55 48 08 31 40 65 03 60 37 68 03 32 88 55 80 57 
24 63 19 33 30 28 45 70 56 44 86 26 13 13 71 69 62 31 52 54 96 07 14 86 28 18 18 16 25 50 73 49 13 44 82 44 73 28 66 81 24 05 08 37 18 31 58 32 62 11 39 11 70 53 97 98 23 67 14 01 17 39 50 31 84 33 27 09 13 45 90 37 50 50 26 21 33 85 53 96 48 92 59 18 98 56 69 73 75 83 74 92 23 25 23 07 10 02 68 75 
48 10 12 50 61 90 71 94 75 77 42 23 21 01 94 71 09 63 45 84 98 71 29 73 48 52 80 58 07 00 33 55 11 97 57 72 88 81 18 15 58 13 91 31 66 85 03 76 00 00 12 98 23 41 72 72 46 04 82 05 05 16 12 16 65 69 40 05 50 10 21 60 75 12 92 42 49 47 70 49 99 34 99 74 28 23 46 74 80 29 31 85 97 43 53 62 12 45 20 15 
07 41 75 83 05 19 77 54 18 47 55 69 33 06 44 61 30 90 87 10 71 18 47 68 61 52 83 26 49 03 41 56 96 68 91 01 88 68 07 06 67 14 28 01 20 72 62 02 62 50 64 34 68 63 54 30 15 37 56 64 92 49 73 88 17 64 41 05 85 00 64 52 14 92 53 87 64 16 89 78 18 06 64 86 21 19 68 89 08 76 05 53 25 78 93 43 95 87 00 80 
87 16 32 02 60 38 89 76 54 30 07 72 88 71 10 10 42 31 99 03 07 04 56 85 35 01 80 30 88 80 10 76 49 94 30 61 32 71 38 38 53 45 62 94 68 73 04 63 04 55 66 63 11 74 48 98 75 28 28 16 61 90 44 62 37 74 23 69 97 61 08 50 58 70 96 27 95 00 90 51 07 08 15 71 82 15 69 09 96 50 77 57 92 21 19 29 47 94 99 96 
56 59 99 66 81 95 45 77 96 87 80 55 95 47 26 29 63 48 91 59 98 68 68 42 42 39 72 89 33 23 86 41 82 85 08 63 80 05 92 28 93 25 36 40 72 14 70 87 62 13 98 12 81 66 07 23 05 79 65 39 02 03 32 36 40 40 99 72 98 44 01 91 69 89 31 93 03 53 81 18 66 79 82 00 46 89 75 03 20 92 94 74 95 27 10 35 19 62 08 17 
58 61 60 27 02 44 72 57 49 53 75 68 85 10 68 83 51 95 38 24 88 33 98 83 12 09 71 31 23 79 01 81 92 61 60 94 05 32 51 55 38 79 23 23 41 43 58 92 38 96 68 26 29 67 62 93 28 33 25 51 12 26 32 56 39 92 50 97 24 53 04 14 32 79 37 73 22 47 18 12 44 86 39 25 05 53 19 33 86 96 84 50 74 68 06 13 60 08 62 37 
61 66 51 46 45 41 71 19 88 41 32 84 28 23 10 85 76 81 19 62 77 55 64 51 76 22 16 88 30 79 25 43 97 29 41 43 22 13 62 10 54 94 47 34 69 57 20 45 90 91 59 67 98 23 70 26 97 86 15 27 17 92 23 15 21 16 58 43 29 72 06 36 19 05 22 88 14 94 86 04 37 45 71 36 21 93 62 18 79 29 98 49 22 73 64 43 89 74 39 71 
98 97 07 17 02 29 06 16 76 92 72 13 89 43 49 62 88 64 81 67 93 31 68 67 56 32 63 45 58 02 16 57 51 75 74 05 57 32 73 33 76 45 46 18 40 48 80 28 64 61 47 09 44 16 77 00 00 40 98 11 94 14 68 97 42 94 02 99 79 75 84 55 72 30 73 12 30 54 92 94 67 39 04 64 07 33 64 08 25 14 71 19 29 39 16 23 85 70 74 64 
97 58 72 69 88 45 33 71 51 25 65 71 64 21 35 24 54 51 84 79 66 55 50 47 94 18 70 31 88 96 96 85 54 68 54 94 65 87 65 69 12 83 40 29 04 27 53 11 30 37 42 48 92 45 95 38 63 17 21 52 65 17 37 19 37 44 14 55 31 31 24 96 14 16 77 71 95 82 82 77 71 76 26 15 21 73 05 85 43 26 89 08 44 26 28 33 70 94 88 54 
25 64 02 92 32 79 63 79 61 97 57 84 25 83 99 47 08 04 84 51 30 73 12 26 51 40 60 74 86 00 28 63 17 82 07 49 61 70 29 74 19 38 58 45 73 57 92 81 13 28 33 43 53 97 70 56 37 82 30 75 34 10 90 51 92 98 53 05 68 34 31 40 72 89 85 45 98 29 26 11 09 11 07 62 08 29 18 97 63 01 24 97 63 15 01 08 13 54 13 33 
88 97 73 12 38 10 57 37 39 35 00 48 99 59 62 07 88 33 57 51 86 81 49 49 48 50 57 61 56 23 47 44 20 72 56 58 83 65 47 74 00 00 75 99 59 37 59 48 22 68 51 08 49 52 58 50 54 67 11 10 42 10 06 14 35 14 25 70 79 72 44 32 24 71 83 84 61 42 84 83 10 35 92 12 88 02 62 42 21 25 53 64 88 59 78 23 74 55 93 05 
28 89 37 52 13 21 88 74 15 72 57 78 08 01 42 48 55 04 90 77 81 95 93 69 07 23 44 33 79 37 38 59 79 28 63 92 01 52 66 68 24 75 46 84 29 88 32 36 44 75 65 26 70 58 47 77 34 92 10 13 81 01 24 12 29 87 04 82 91 22 50 68 50 49 52 31 89 37 67 34 12 33 12 34 43 11 12 77 03 74 42 37 75 66 49 56 06 54 38 49 
28 41 17 30 90 22 61 31 11 81 65 75 14 29 09 09 41 21 87 96 96 81 33 23 00 83 80 58 89 70 07 17 63 77 00 05 99 61 37 62 42 54 37 08 84 46 18 77 20 57 73 68 38 07 91 38 90 23 48 31 46 56 48 09 33 00 15 84 62 52 46 56 06 35 17 42 81 87 19 53 44 45 21 34 04 65 25 46 40 73 77 86 29 77 48 14 78 63 98 92 
67 96 48 25 31 17 20 65 04 91 18 48 36 92 83 40 57 08 86 49 81 63 36 63 93 84 77 71 99 28 63 18 24 63 43 08 81 63 25 85 55 95 86 43 87 21 36 96 29 22 46 62 38 34 77 31 70 07 54 69 35 17 87 11 80 82 71 13 98 96 51 05 92 37 48 31 58 84 80 39 59 78 53 49 12 83 80 34 90 34 03 25 03 42 36 35 76 08 49 74 
56 52 79 00 89 80 32 99 16 64 90 75 94 95 24 06 78 56 40 68 42 95 45 45 89 82 33 65 42 34 40 98 86 71 51 27 51 35 26 68 99 68 95 93 63 72 51 94 80 43 14 23 90 60 20 79 94 05 44 36 39 36 86 25 08 37 52 11 24 30 31 23 50 79 68 14 03 71 60 83 14 74 58 56 34 31 35 28 36 32 16 76 68 55 01 28 44 06 92 69 
36 75 92 87 54 13 53 57 84 65 93 51 39 51 07 26 82 95 54 19 27 71 95 47 78 48 28 22 54 72 91 43 47 36 82 02 49 87 11 85 52 04 88 91 56 48 17 90 43 24 09 22 47 56 21 25 05 49 47 11 21 39 54 21 75 36 23 76 23 86 13 27 43 02 71 51 02 88 41 45 64 51 19 11 07 40 88 64 42 36 76 63 27 82 84 54 71 59 30 46 
98 95 74 41 49 45 92 51 85 33 48 50 36 67 13 96 60 02 12 02 90 88 17 69 23 54 23 94 65 05 40 63 00 66 56 50 11 00 53 49 86 02 99 22 21 64 70 81 18 83 83 08 23 53 77 46 07 52 92 72 57 85 36 10 51 44 60 15 45 65 64 31 67 63 05 41 79 76 22 98 11 58 06 34 11 36 33 18 88 77 90 98 62 78 08 66 75 20 81 20 
85 45 03 05 60 08 46 39 36 68 37 47 78 96 34 89 84 19 07 24 48 50 22 11 80 30 77 55 50 10 27 36 55 30 41 67 91 87 58 27 07 48 27 86 96 13 27 80 32 87 04 80 37 27 43 69 57 72 77 60 82 04 96 89 87 89 08 78 28 67 57 87 15 84 73 11 49 01 43 81 88 47 14 77 26 57 98 84 82 75 44 16 32 92 58 19 81 66 49 61 
85 58 48 00 95 74 63 44 75 06 26 15 06 92 44 32 01 42 68 83 70 64 52 02 56 10 21 89 76 22 02 62 80 51 14 75 25 78 72 52 36 98 19 42 42 63 75 43 57 95 79 27 60 31 29 68 41 02 10 69 24 12 31 57 63 98 84 88 28 56 92 64 06 11 59 48 26 86 44 36 81 23 63 41 06 45 10 47 47 20 68 24 84 52 81 48 50 17 88 78 
74 81 94 80 92 53 29 71 39 73 07 21 48 22 14 54 67 76 53 67 48 21 91 33 73 24 81 23 41 21 53 15 02 48 48 47 53 29 18 45 02 77 18 02 99 32 08 67 61 61 34 09 82 77 94 08 53 27 83 46 49 37 14 51 37 62 50 42 91 20 87 45 97 05 99 97 90 07 16 51 68 02 12 02 31 07 62 84 34 46 30 83 35 96 87 72 58 89 14 01 
10 54 46 59 59 97 08 49 04 24 52 24 78 65 79 09 72 41 45 58 39 28 94 74 24 33 98 35 22 65 36 84 19 35 44 78 32 52 80 89 29 32 13 07 49 44 69 21 86 66 80 25 94 74 52 19 59 50 06 81 15 94 66 34 29 10 65 14 14 97 03 95 81 68 55 31 13 24 52 51 90 84 28 37 10 80 08 69 31 14 03 46 08 69 81 90 31 98 04 45 
95 59 93 76 79 48 07 44 72 12 95 14 48 24 51 59 04 59 80 35 25 83 82 34 04 15 76 35 13 32 33 60 91 26 36 22 74 96 67 98 60 62 64 08 86 68 19 43 27 52 78 05 35 12 91 40 27 67 27 92 99 12 52 42 90 41 64 64 89 83 14 49 98 79 09 36 47 29 79 26 81 10 31 68 22 74 60 02 41 88 46 92 52 51 34 43 92 51 59 33 
86 74 34 84 05 43 21 04 24 00 30 05 10 14 26 85 88 86 87 82 26 33 74 79 84 61 74 28 64 33 13 50 07 47 35 64 43 08 68 67 08 99 25 71 65 51 56 05 37 95 87 16 80 14 95 65 75 69 45 39 54 11 41 62 58 28 26 01 36 47 69 97 46 94 68 63 97 76 68 34 71 08 50 51 22 97 68 49 18 66 40 73 77 81 87 87 62 65 41 98 
12 10 95 10 56 15 25 05 43 94 39 14 54 42 18 76 91 38 77 62 56 17 35 33 50 74 21 12 39 62 63 04 24 58 14 32 26 40 37 69 86 28 36 40 22 06 68 66 44 45 28 53 14 15 86 64 89 59 29 80 73 92 84 49 02 51 33 28 43 22 50 81 03 38 73 25 44 93 91 40 90 71 93 04 86 32 20 75 91 49 08 17 93 44 18 96 47 52 76 90 
26 26 23 29 64 96 07 60 89 50 01 79 22 46 35 08 78 56 36 22 57 96 39 51 40 09 99 88 13 75 30 40 54 06 21 70 02 28 31 44 31 84 75 53 30 11 13 09 19 01 83 28 97 22 31 90 83 30 78 97 58 60 89 64 66 10 34 21 91 17 65 22 53 92 27 84 55 40 45 74 42 28 03 91 02 86 81 85 17 11 34 27 72 23 91 90 86 25 11 29 
95 28 03 48 73 30 84 28 22 29 55 16 09 10 08 11 96 41 49 13 53 83 40 77 59 83 19 97 09 83 26 56 11 29 56 36 11 41 65 33 22 20 02 84 82 62 95 78 03 96 44 08 32 36 85 43 20 57 40 29 40 18 37 51 99 93 40 10 86 05 95 09 77 97 93 59 11 40 89 67 89 33 75 21 70 13 64 90 70 56 71 10 74 08 13 73 53 53 35 40 
10 30 01 39 80 94 50 43 86 40 10 75 73 86 48 43 99 64 85 21 20 56 31 46 16 44 71 70 50 58 10 60 41 11 52 21 57 02 16 95 42 27 71 68 65 71 63 64 36 49 37 08 57 68 07 74 64 30 44 14 89 06 27 30 69 31 03 26 33 19 73 28 46 44 96 63 68 59 27 56 60 16 64 18 84 23 44 01 54 88 67 43 46 46 25 15 77 28 93 11 
47 66 39 46 63 87 09 83 98 89 39 59 57 03 29 42 79 73 95 33 13 62 28 11 09 53 26 86 33 71 49 32 89 88 78 04 75 40 87 74 81 26 85 38 82 66 32 61 39 27 46 04 42 26 15 51 79 93 89 12 16 39 44 57 79 75 62 07 67 01 33 00 28 18 90 62 84 75 75 75 54 21 31 96 99 98 99 78 43 89 42 59 80 38 16 59 65 30 66 32 
32 99 84 12 69 75 74 05 02 49 32 56 22 63 53 21 61 52 51 56 93 45 15 25 83 84 85 49 14 03 33 98 03 70 10 24 97 84 30 99 85 62 55 59 78 08 80 91 13 83 48 58 28 15 84 64 99 21 13 66 24 98 16 27 20 27 52 17 63 34 16 49 96 72 08 74 32 41 66 97 24 14 08 05 81 92 69 81 65 34 99 89 84 15 69 05 94 21 22 58 
07 39 07 03 63 67 30 95 60 48 45 37 14 53 42 95 97 11 76 62 97 27 03 81 95 72 86 89 45 61 47 52 00 06 08 15 74 38 10 86 86 07 23 52 12 65 47 09 28 76 23 77 03 27 59 50 51 97 40 97 58 87 49 10 94 09 25 20 47 88 06 85 95 82 37 08 47 37 69 28 13 45 05 68 24 16 19 75 14 59 24 72 98 26 35 44 35 60 64 35 
48 23 20 44 05 10 04 04 99 25 32 12 70 90 80 46 06 99 22 72 10 46 97 09 72 32 53 08 92 70 95 41 93 67 37 50 77 93 06 76 18 91 40 41 81 73 87 39 24 61 12 35 08 09 44 32 41 49 92 33 19 87 26 64 55 15 66 84 08 73 13 79 16 53 20 97 26 59 88 51 21 00 38 29 61 34 13 54 83 06 40 55 45 66 71 00 34 38 85 42 
63 50 21 79 03 93 28 82 53 16 85 74 69 23 55 30 57 68 37 40 26 77 47 72 95 19 72 29 57 09 72 72 59 45 51 15 39 79 97 92 95 82 18 16 57 73 99 14 93 36 06 72 13 54 44 60 73 68 90 82 30 14 54 89 59 57 56 98 36 53 42 83 87 60 00 44 85 99 10 31 35 69 03 00 23 47 60 48 67 50 82 97 64 88 39 76 45 95 26 81 
01 69 64 40 81 16 37 19 15 47 50 02 16 53 02 91 52 15 91 71 65 73 21 82 13 60 10 58 07 36 39 08 57 56 01 91 24 38 10 92 37 12 94 06 17 49 49 21 64 41 92 81 66 13 15 80 25 25 38 33 62 30 93 71 38 94 62 14 84 72 06 22 84 53 80 53 02 29 74 18 22 67 51 41 32 67 21 58 44 11 91 06 93 84 30 83 31 92 98 15 
65 04 89 01 09 69 55 63 51 81 81 73 48 85 14 33 52 87 91 48 51 34 07 44 70 37 80 01 29 78 17 46 34 06 48 44 76 55 07 27 36 41 52 37 26 19 70 30 06 13 78 09 47 37 54 17 74 34 19 04 64 88 50 98 94 50 94 22 05 54 01 94 95 06 31 73 25 53 55 83 66 85 93 13 23 99 82 97 33 01 53 49 89 04 47 36 06 94 58 64 
48 12 58 95 18 89 20 43 94 75 78 60 12 71 25 35 70 07 85 55 61 38 04 02 94 04 38 01 98 49 65 46 13 75 93 31 16 13 26 10 40 04 70 52 28 95 40 98 54 25 54 15 15 10 18 10 14 08 63 12 09 80 10 22 55 03 05 23 68 31 33 60 88 03 65 16 50 05 66 04 82 20 20 97 31 90 59 45 98 74 10 60 06 20 82 13 76 88 36 96 
71 69 57 59 24 22 27 74 79 94 31 61 66 51 10 49 93 70 47 43 96 57 03 03 77 86 16 05 26 53 02 97 74 59 09 99 33 88 25 12 82 56 25 49 59 35 98 52 05 45 96 54 54 99 57 84 37 73 89 63 78 91 13 05 02 22 04 87 62 81 51 45 38 76 46 97 12 44 50 69 42 98 23 48 97 32 32 35 58 22 50 36 65 63 93 20 37 49 07 00 
31 11 45 69 87 91 66 51 87 68 21 81 66 96 30 16 29 14 03 87 36 53 75 54 17 69 74 54 18 33 54 01 44 51 70 84 94 89 35 34 57 08 15 76 05 97 44 86 12 47 25 00 00 52 54 17 73 80 24 92 14 78 93 10 82 16 94 76 05 82 10 14 90 78 42 47 27 86 33 91 33 10 92 86 63 98 03 36 79 79 80 45 10 26 55 92 42 02 20 99 
84 31 13 26 61 56 74 40 94 59 32 80 70 24 66 33 22 21 69 01 01 50 98 11 76 06 03 70 08 75 69 44 58 82 70 19 90 44 60 37 04 92 17 26 68 35 59 42 56 28 96 09 78 94 20 06 00 75 76 60 51 45 04 09 80 27 81 22 23 93 59 79 37 28 05 05 63 64 47 72 93 43 81 23 38 54 82 90 29 58 51 32 56 07 42 36 34 75 58 58 
68 70 89 05 50 95 10 14 59 09 38 04 05 19 80 95 73 62 85 55 72 88 87 28 96 81 16 30 56 27 40 76 97 30 81 47 77 43 13 36 05 51 93 10 23 25 05 48 87 42 03 11 31 43 40 27 76 08 09 85 35 02 61 84 32 95 84 61 38 97 97 43 01 42 05 24 67 10 72 06 05 28 70 36 23 62 15 51 70 76 36 06 78 50 90 62 45 74 23 83 
24 73 79 25 67 84 01 35 47 25 93 52 53 15 40 28 77 55 80 48 31 16 54 62 18 96 24 63 23 48 99 47 73 78 72 40 14 25 27 61 50 73 65 56 88 05 84 66 12 64 14 44 33 20 06 51 16 82 67 39 82 66 38 55 96 62 96 10 87 23 24 38 96 89 94 85 47 30 51 59 47 17 55 32 37 13 35 05 96 02 97 78 68 35 34 64 98 82 27 85 
05 51 23 54 40 69 39 39 52 42 99 99 59 54 31 48 20 66 53 16 69 50 46 89 86 32 06 84 14 33 21 20 84 97 74 76 66 65 16 18 07 67 69 18 73 52 18 93 19 71 09 40 74 08 81 12 40 87 48 55 20 69 75 56 18 01 33 85 66 01 55 25 68 77 95 41 29 13 35 00 36 96 92 10 04 74 74 97 61 74 52 34 96 79 90 14 80 75 51 98 
76 59 23 44 36 18 38 65 83 73 18 19 21 10 30 78 84 56 75 98 31 27 84 79 58 74 93 38 02 45 88 78 04 63 23 92 33 13 57 16 38 27 35 59 38 17 89 74 74 16 72 57 43 08 36 53 83 81 91 85 26 31 15 82 94 90 74 27 03 84 43 41 11 31 01 49 48 42 24 74 59 48 83 54 57 71 08 92 53 51 29 79 83 44 14 77 35 88 57 38 
24 52 80 36 83 33 37 84 27 13 10 86 62 94 41 71 65 49 63 18 00 92 50 35 88 64 13 75 04 22 66 29 74 46 17 10 31 54 94 58 68 04 97 30 50 38 53 68 39 16 38 91 60 40 27 00 56 92 76 61 14 42 42 40 40 59 50 71 13 96 81 81 53 78 63 55 68 16 23 07 84 62 99 96 54 78 97 11 70 73 72 36 15 14 76 55 73 79 78 38 
27 11 20 32 42 35 88 10 04 63 70 40 77 21 37 32 99 34 43 21 07 15 57 74 81 85 81 06 16 11 44 44 74 16 76 16 52 16 79 08 80 01 48 57 22 85 89 73 71 84 94 78 99 03 04 32 88 85 38 05 48 83 01 23 99 77 91 03 46 22 11 26 23 12 35 97 97 77 70 69 61 16 99 13 19 04 97 08 41 36 65 42 71 66 65 70 95 08 74 41 
31 37 19 06 49 07 04 99 84 26 68 97 43 19 62 14 75 60 74 69 48 39 11 19 05 28 41 53 36 67 94 19 05 14 26 06 73 30 05 57 08 25 06 03 45 21 18 72 33 92 41 33 84 04 52 41 32 93 94 21 13 89 40 18 55 66 24 28 48 82 37 57 07 95 60 04 16 30 77 01 23 70 34 59 75 38 00 59 84 95 80 97 36 21 15 43 39 91 71 88 
73 60 45 33 55 57 37 24 88 14 77 63 37 12 22 12 50 22 23 34 69 04 31 57 77 98 00 16 42 23 04 15 35 01 48 91 59 38 67 99 52 44 62 89 08 84 53 59 58 77 45 80 33 77 37 10 27 90 78 69 13 35 37 01 36 85 44 47 23 11 46 28 07 60 69 16 96 75 27 07 04 72 39 37 01 28 99 29 18 29 98 84 64 35 85 53 73 29 52 48 
92 51 28 51 11 98 19 08 25 46 67 29 71 06 18 72 34 69 53 53 98 04 89 15 91 74 20 64 55 72 65 47 23 93 50 87 43 70 47 68 16 14 49 39 20 67 12 06 88 17 59 39 21 00 54 13 26 74 29 81 98 94 80 22 88 31 61 31 01 08 52 69 22 01 09 94 21 73 00 09 90 12 48 12 12 54 77 39 80 06 20 31 01 53 05 41 84 66 72 37 
74 76 06 48 78 15 42 99 88 94 60 31 06 61 43 71 67 72 10 48 78 82 31 79 35 36 20 71 02 45 60 76 21 67 76 51 34 18 02 75 64 63 06 71 24 01 42 43 73 04 43 51 38 74 83 74 10 55 97 12 52 58 40 26 77 16 77 11 86 80 86 51 43 44 74 19 45 68 14 18 72 58 22 10 32 57 36 43 12 86 07 17 44 48 43 73 16 20 84 03 
00 23 54 95 67 28 66 13 48 81 83 20 39 57 82 23 14 19 18 79 05 26 48 01 26 91 74 42 11 10 45 64 33 51 11 53 31 78 18 79 11 53 51 50 11 34 25 77 05 44 08 10 70 56 63 48 47 89 90 11 99 88 27 85 91 38 90 23 68 08 54 31 61 06 33 24 40 59 02 97 03 10 59 25 67 22 73 66 63 15 29 14 03 56 99 47 47 41 70 67 
49 76 99 11 82 32 35 74 43 89 71 46 52 30 23 71 04 96 37 67 64 19 82 19 75 33 66 74 27 88 94 76 65 45 39 47 77 27 74 73 16 97 71 68 80 95 39 84 43 29 04 07 48 38 27 75 23 45 02 50 34 96 79 99 41 18 98 70 97 24 43 14 22 15 34 02 62 26 38 05 07 94 13 55 32 92 82 08 37 84 10 71 80 89 22 73 08 21 44 57 
45 39 71 19 06 58 73 68 36 12 74 43 58 39 50 43 83 32 51 20 17 61 44 49 03 18 23 63 91 67 20 37 58 44 08 65 02 82 33 90 46 07 33 04 98 83 47 81 15 50 54 84 64 50 34 67 68 57 30 60 76 50 49 34 94 57 51 48 91 85 38 37 44 23 94 43 58 41 24 74 44 30 10 08 80 44 75 01 53 57 61 81 07 62 68 54 19 19 54 63 
04 45 00 49 68 46 44 27 88 20 53 84 51 63 92 83 60 19 84 65 76 45 47 83 07 15 89 79 34 44 42 91 89 94 92 09 41 88 36 81 08 89 65 11 05 09 95 17 28 79 82 04 77 29 39 36 96 81 15 83 25 09 74 66 56 18 75 49 06 64 82 14 05 99 26 10 08 73 27 36 52 62 92 29 91 83 18 40 64 33 23 89 95 49 07 03 67 83 52 73 
99 86 39 04 85 17 15 93 90 94 81 95 56 25 76 00 08 94 40 73 80 63 14 27 12 22 30 31 57 34 04 56 20 95 60 57 13 27 02 55 74 83 02 82 60 79 82 68 25 74 41 05 89 08 84 53 30 14 84 39 00 40 95 72 36 07 29 01 87 31 08 13 66 11 95 26 42 78 95 67 04 88 25 94 96 09 47 78 76 32 17 76 24 64 49 60 24 78 13 63 
10 74 76 76 85 71 55 79 01 50 46 06 90 23 00 39 33 99 17 09 83 87 37 08 03 38 20 79 17 34 42 79 08 70 07 45 42 62 24 95 64 22 53 07 98 05 46 83 05 15 92 88 02 81 96 58 20 69 89 89 03 32 68 63 54 27 60 48 42 36 44 06 10 97 65 08 03 11 91 60 27 35 48 81 69 97 91 89 66 81 78 21 65 98 36 19 77 96 68 19 
84 12 78 94 61 43 55 16 07 46 76 34 34 77 67 03 26 59 92 44 40 22 17 57 72 53 76 49 01 44 21 85 08 51 31 22 46 86 38 53 85 67 39 19 96 07 22 22 18 66 18 10 40 35 67 12 88 43 13 41 40 86 78 00 37 09 22 84 48 13 89 33 32 29 04 28 88 26 50 06 44 20 16 36 55 83 00 95 26 13 36 18 52 66 19 89 75 93 25 23 
06 67 08 38 96 12 18 84 90 20 90 34 40 58 22 95 41 22 90 19 88 78 38 40 44 09 81 72 02 07 47 61 26 56 99 22 68 18 58 59 90 00 45 31 58 68 26 51 42 69 70 30 99 60 70 96 21 04 68 24 11 15 85 89 71 36 11 92 06 21 51 97 21 48 28 31 68 06 82 11 27 04 93 27 65 64 23 38 68 43 62 31 58 47 20 82 36 83 74 42 
04 77 91 77 77 19 08 46 78 90 09 05 94 02 84 11 18 59 50 38 02 64 21 13 64 93 95 00 76 21 94 32 98 86 09 27 57 69 25 35 59 34 93 06 89 29 69 07 89 71 46 91 36 67 04 52 61 51 52 89 72 46 74 22 84 83 50 42 05 75 29 16 62 22 22 51 52 44 58 93 15 56 84 03 24 41 55 37 92 59 78 17 58 52 39 42 88 89 36 93 
17 66 09 79 40 84 30 44 80 40 37 47 97 74 51 73 15 58 62 59 70 40 76 28 45 16 70 33 57 59 78 26 25 87 05 65 23 87 10 03 28 47 51 77 21 54 50 88 64 64 00 34 04 76 62 49 44 85 34 54 44 12 80 21 52 38 86 75 77 48 31 57 48 34 34 21 40 36 10 56 00 10 91 57 38 05 06 35 42 93 89 38 05 21 59 57 11 98 85 89 
98 16 98 46 02 85 68 42 21 30 98 74 40 41 31 30 99 89 65 41 82 06 80 40 28 91 49 91 41 34 32 40 02 31 86 04 16 06 98 89 36 49 15 28 42 98 59 41 40 76 35 22 83 67 14 63 58 64 54 52 98 87 92 53 70 30 09 38 37 60 27 25 09 95 54 03 93 65 45 33 41 80 08 24 47 22 39 57 38 94 09 89 33 53 42 03 84 51 41 73 
11 20 98 72 15 04 76 61 69 73 94 11 05 02 87 04 77 79 61 67 73 23 56 06 28 98 61 64 02 02 37 13 74 36 38 90 40 14 51 62 87 97 25 44 52 64 48 29 43 61 96 68 84 05 74 65 03 35 29 05 89 67 71 64 55 09 06 47 75 57 09 14 54 86 58 58 51 06 87 94 67 36 15 04 41 89 69 96 77 98 54 18 17 25 82 24 34 40 72 09 
97 33 75 04 72 33 62 23 39 02 69 58 90 84 62 83 26 83 79 55 34 33 73 03 10 08 28 44 48 52 05 98 85 80 54 09 65 68 32 04 22 54 63 64 90 77 47 16 61 79 71 47 64 97 50 75 05 78 71 05 30 77 55 68 09 61 77 75 30 62 31 04 16 46 69 58 24 16 75 37 47 98 36 12 95 86 87 52 65 58 10 47 87 65 67 49 27 45 76 09 